IDborrower,IDlender,getID,IsExpired,GetLinkedAgentID,getType,Initial Borrower,Initial Lender,Linked Borrower (IB Market),Linked Lender (IB Market),IB Deposit Rate Linked Agent,IB Loan Rate Linked Agent
0,5,0,0,0,2,,5,,,,
0,5,0,0,0,21,,,,,,
0,5,0,1,0,21,,,,,,
0,5,0,1,0,21,,,,,,
0,5,0,1,0,21,,,,,,
0,5,0,1,0,21,,,,,,
8,0,0,0,0,1,8,,,,,
8,0,0,0,0,11,8,,0,,0,
8,0,1,0,0,1,8,,,,,
8,0,1,0,0,11,8,,0,,0,
8,0,0,1,0,11,8,,0,,0,
8,0,0,1,0,11,8,,0,,0,
8,0,1,1,0,11,8,,0,,0,
8,0,1,1,0,11,8,,0,,0,
0,6,1,0,0,2,,6,,,,
0,6,1,0,0,21,,,,,,
0,6,1,1,0,21,,,,,,
0,6,1,1,0,21,,,,,,
0,6,1,1,0,21,,,,,,
0,6,1,1,0,21,,,,,,
0,0,2,0,0,1,0,,,,,
0,0,2,1,0,1,0,,,,,
0,0,2,1,0,1,0,,,,,
0,10,2,0,0,2,,10,,,,
0,10,2,0,0,21,,,,,,
0,10,2,1,0,21,,,,,,
0,10,2,1,0,21,,,,,,
0,10,2,1,0,21,,,,,,
0,10,2,1,0,21,,,,,,
0,8,3,0,0,2,,8,,,,
0,8,3,0,0,21,,,,,,
0,8,3,1,0,21,,,,,,
0,8,3,1,0,21,,,,,,
0,8,3,1,0,21,,,,,,
0,8,3,1,0,21,,,,,,
2,0,3,0,0,1,2,,,,,
2,0,3,1,0,1,2,,,,,
2,0,3,1,0,1,2,,,,,
0,9,4,0,0,2,,9,,,,
0,9,4,0,0,21,,,,,,
0,9,4,1,0,21,,,,,,
0,9,4,1,0,21,,,,,,
0,9,4,1,0,21,,,,,,
0,9,4,1,0,21,,,,,,
0,4,5,0,0,2,,4,,,,
0,4,5,0,0,21,,,,,,
0,4,5,1,0,21,,,,,,
0,4,5,1,0,21,,,,,,
0,4,5,1,0,21,,,,,,
0,4,5,1,0,21,,,,,,
0,6,6,0,0,2,,6,,,,
0,6,6,0,0,21,,,,,,
0,6,6,1,0,21,,,,,,
0,6,6,1,0,21,,,,,,
0,6,6,1,0,21,,,,,,
0,6,6,1,0,21,,,,,,
10,0,4,0,0,1,10,,,,,
10,0,4,1,0,1,10,,,,,
10,0,4,1,0,1,10,,,,,
0,7,7,0,0,2,,7,,,,
0,7,7,0,0,21,,,,,,
0,7,7,1,0,21,,,,,,
0,7,7,1,0,21,,,,,,
0,7,7,1,0,21,,,,,,
0,7,7,1,0,21,,,,,,
10,0,5,0,0,1,10,,,,,
10,0,5,0,0,11,10,,0,,0,
10,0,5,1,0,11,10,,0,,0,
10,0,5,1,0,11,10,,0,,0,
0,2,8,0,0,2,,2,,,,
0,11,9,0,0,2,,11,,,,
0,11,9,0,0,21,,,,,,
0,11,9,1,0,21,,,,,,
0,11,9,1,0,21,,,,,,
0,11,9,1,0,21,,,,,,
0,11,9,1,0,21,,,,,,
5,0,6,0,0,1,5,,,,,
5,0,6,0,0,11,5,,0,,0,
5,0,6,1,0,11,5,,0,,0,
5,0,6,1,0,11,5,,0,,0,
3,0,7,0,0,1,3,,,,,
3,0,7,1,0,1,3,,,,,
3,0,7,1,0,1,3,,,,,
0,3,10,0,0,2,,3,,,,
10,0,8,0,0,1,10,,,,,
10,0,8,0,0,11,10,,0,,0,
10,0,8,1,0,11,10,,0,,0,
10,0,8,1,0,11,10,,0,,0,
11,0,9,0,0,1,11,,,,,
11,0,9,0,0,11,11,,0,,0,
11,0,9,1,0,11,11,,0,,0,
11,0,9,1,0,11,11,,0,,0,
8,0,10,0,0,1,8,,,,,
8,0,10,1,0,1,8,,,,,
8,0,10,1,0,1,8,,,,,
11,0,11,0,0,1,11,,,,,
11,0,11,1,0,1,11,,,,,
11,0,11,1,0,1,11,,,,,
12,0,12,0,0,1,12,,,,,
12,0,12,1,0,1,12,,,,,
12,0,12,1,0,1,12,,,,,
14,0,13,0,0,1,14,,,,,
14,0,13,1,0,1,14,,,,,
14,0,13,1,0,1,14,,,,,
0,12,11,0,0,2,,12,,,,
0,11,12,0,0,2,,11,,,,
1,0,14,0,0,1,1,,,,,
1,0,14,1,0,1,1,,,,,
1,0,14,1,0,1,1,,,,,
0,13,13,0,0,2,,13,,,,
0,13,13,0,0,21,,,,,,
0,13,13,1,0,21,,,,,,
0,13,13,1,0,21,,,,,,
0,13,13,1,0,21,,,,,,
0,13,13,1,0,21,,,,,,
0,13,14,0,0,2,,13,,,,
0,13,14,0,0,21,,,,,,
0,13,14,1,0,21,,,,,,
0,13,14,1,0,21,,,,,,
0,13,14,1,0,21,,,,,,
0,13,14,1,0,21,,,,,,
14,0,15,0,0,1,14,,,,,
14,0,15,0,0,11,14,,0,,0,
14,0,15,1,0,11,14,,0,,0,
14,0,15,1,0,11,14,,0,,0,
0,11,15,0,0,2,,11,,,,
0,15,16,0,0,2,,15,,,,
0,15,16,0,0,21,,,,,,
0,15,16,1,0,21,,,,,,
0,15,16,1,0,21,,,,,,
0,15,16,1,0,21,,,,,,
0,15,16,1,0,21,,,,,,
5,0,16,0,0,1,5,,,,,
5,0,16,1,0,1,5,,,,,
5,0,16,1,0,1,5,,,,,
11,0,17,0,0,1,11,,,,,
11,0,17,1,0,1,11,,,,,
11,0,17,1,0,1,11,,,,,
0,8,17,0,0,2,,8,,,,
7,0,18,0,0,1,7,,,,,
7,0,18,0,0,11,7,,0,,0,
7,0,18,1,0,11,7,,0,,0,
7,0,18,1,0,11,7,,0,,0,
0,15,18,0,0,2,,15,,,,
0,15,18,0,0,21,,,,,,
0,15,18,1,0,21,,,,,,
0,15,18,1,0,21,,,,,,
0,15,18,1,0,21,,,,,,
0,15,18,1,0,21,,,,,,
0,13,19,0,0,2,,13,,,,
0,13,19,0,0,21,,,,,,
0,13,19,1,0,21,,,,,,
0,13,19,1,0,21,,,,,,
0,13,19,1,0,21,,,,,,
0,13,19,1,0,21,,,,,,
0,4,20,0,0,2,,4,,,,
0,4,20,0,0,21,,,,,,
0,4,20,1,0,21,,,,,,
0,4,20,1,0,21,,,,,,
0,4,20,1,0,21,,,,,,
0,4,20,1,0,21,,,,,,
0,7,21,0,0,2,,7,,,,
0,7,21,0,0,21,,,,,,
0,7,21,1,0,21,,,,,,
0,7,21,1,0,21,,,,,,
0,7,21,1,0,21,,,,,,
0,7,21,1,0,21,,,,,,
0,13,22,0,0,2,,13,,,,
0,13,22,0,0,21,,,,,,
0,13,22,1,0,21,,,,,,
0,13,22,1,0,21,,,,,,
0,13,22,1,0,21,,,,,,
0,13,22,1,0,21,,,,,,
0,7,23,0,0,2,,7,,,,
0,7,23,0,0,21,,,,,,
0,7,23,1,0,21,,,,,,
0,7,23,1,0,21,,,,,,
0,7,23,1,0,21,,,,,,
0,7,23,1,0,21,,,,,,
0,4,24,0,0,2,,4,,,,
0,4,24,0,0,21,,,,,,
0,4,24,1,0,21,,,,,,
0,4,24,1,0,21,,,,,,
0,4,24,1,0,21,,,,,,
0,4,24,1,0,21,,,,,,
8,0,19,0,0,1,8,,,,,
8,0,19,0,0,11,8,,0,,0,
8,0,19,1,0,11,8,,0,,0,
8,0,19,1,0,11,8,,0,,0,
13,0,20,0,0,1,13,,,,,
13,0,20,1,0,1,13,,,,,
13,0,20,1,0,1,13,,,,,
0,12,25,0,0,2,,12,,,,
0,12,26,0,0,2,,12,,,,
0,17,27,0,0,2,,17,,,,
0,17,27,0,0,21,,,,,,
0,17,27,1,0,21,,,,,,
0,17,27,1,0,21,,,,,,
0,17,27,1,0,21,,,,,,
0,17,27,1,0,21,,,,,,
6,0,21,0,0,1,6,,,,,
6,0,21,1,0,1,6,,,,,
6,0,21,1,0,1,6,,,,,
16,0,22,0,0,1,16,,,,,
16,0,22,0,0,11,16,,0,,0,
16,0,22,1,0,11,16,,0,,0,
16,0,22,1,0,11,16,,0,,0,
0,19,28,0,0,2,,19,,,,
0,19,28,0,0,21,,,,,,
0,19,28,1,0,21,,,,,,
0,19,28,1,0,21,,,,,,
0,19,28,1,0,21,,,,,,
0,19,28,1,0,21,,,,,,
18,0,23,0,0,1,18,,,,,
18,0,23,0,0,11,18,,0,,0,
18,0,23,1,0,11,18,,0,,0,
18,0,23,1,0,11,18,,0,,0,
15,0,24,0,0,1,15,,,,,
15,0,24,1,0,1,15,,,,,
15,0,24,1,0,1,15,,,,,
16,0,25,0,0,1,16,,,,,
16,0,25,1,0,1,16,,,,,
16,0,25,1,0,1,16,,,,,
17,0,26,0,0,1,17,,,,,
17,0,26,1,0,1,17,,,,,
17,0,26,1,0,1,17,,,,,
15,0,27,0,0,1,15,,,,,
15,0,27,1,0,1,15,,,,,
15,0,27,1,0,1,15,,,,,
13,0,28,0,0,1,13,,,,,
13,0,28,1,0,1,13,,,,,
13,0,28,1,0,1,13,,,,,
0,17,29,0,0,2,,17,,,,
0,21,30,0,0,2,,21,,,,
0,21,30,0,0,21,,,,,,
0,21,30,1,0,21,,,,,,
0,21,30,1,0,21,,,,,,
0,21,30,1,0,21,,,,,,
0,21,30,1,0,21,,,,,,
0,16,31,0,0,2,,16,,,,
0,16,32,0,0,2,,16,,,,
0,19,33,0,0,2,,19,,,,
0,19,33,0,0,21,,,,,,
0,19,33,1,0,21,,,,,,
0,19,33,1,0,21,,,,,,
0,19,33,1,0,21,,,,,,
0,19,33,1,0,21,,,,,,
0,20,34,0,0,2,,20,,,,
0,20,34,0,0,21,,,,,,
0,20,34,1,0,21,,,,,,
0,20,34,1,0,21,,,,,,
0,20,34,1,0,21,,,,,,
0,20,34,1,0,21,,,,,,
0,18,35,0,0,2,,18,,,,
0,18,35,0,0,21,,,,,,
0,18,35,1,0,21,,,,,,
0,18,35,1,0,21,,,,,,
0,18,35,1,0,21,,,,,,
0,18,35,1,0,21,,,,,,
19,0,29,0,0,1,19,,,,,
19,0,29,0,0,11,19,,0,,0,
19,0,29,1,0,11,19,,0,,0,
19,0,29,1,0,11,19,,0,,0,
0,17,36,0,0,2,,17,,,,
0,22,37,0,0,2,,22,,,,
0,22,37,0,0,21,,,,,,
0,22,37,1,0,21,,,,,,
0,22,37,1,0,21,,,,,,
0,22,37,1,0,21,,,,,,
0,22,37,1,0,21,,,,,,
0,7,38,0,0,2,,7,,,,
0,7,38,0,0,21,,,,,,
0,7,38,1,0,21,,,,,,
0,7,38,1,0,21,,,,,,
0,7,38,1,0,21,,,,,,
0,7,38,1,0,21,,,,,,
22,0,30,0,0,1,22,,,,,
22,0,30,0,0,11,22,,0,,0,
22,0,30,1,0,11,22,,0,,0,
22,0,30,1,0,11,22,,0,,0,
18,0,31,0,0,1,18,,,,,
18,0,31,1,0,1,18,,,,,
18,0,31,1,0,1,18,,,,,
7,0,32,0,0,1,7,,,,,
7,0,32,1,0,1,7,,,,,
7,0,32,1,0,1,7,,,,,
0,20,39,0,0,2,,20,,,,
0,20,39,0,0,21,,,,,,
0,20,39,1,0,21,,,,,,
0,20,39,1,0,21,,,,,,
0,20,39,1,0,21,,,,,,
0,20,39,1,0,21,,,,,,
23,0,33,0,0,1,23,,,,,
23,0,33,0,0,11,23,,0,,0,
23,0,33,1,0,11,23,,0,,0,
23,0,33,1,0,11,23,,0,,0,
24,0,34,0,0,1,24,,,,,
24,0,34,1,0,1,24,,,,,
24,0,34,1,0,1,24,,,,,
0,4,40,0,0,2,,4,,,,
0,4,40,0,0,21,,,,,,
0,4,40,1,0,21,,,,,,
0,4,40,1,0,21,,,,,,
0,4,40,1,0,21,,,,,,
0,4,40,1,0,21,,,,,,
0,22,41,0,0,2,,22,,,,
0,22,41,0,0,21,,,,,,
0,22,41,1,0,21,,,,,,
0,22,41,1,0,21,,,,,,
0,22,41,1,0,21,,,,,,
0,22,41,1,0,21,,,,,,
0,4,42,0,0,2,,4,,,,
0,4,42,0,0,21,,,,,,
0,4,42,1,0,21,,,,,,
0,4,42,1,0,21,,,,,,
0,4,42,1,0,21,,,,,,
0,4,42,1,0,21,,,,,,
7,0,35,0,0,1,7,,,,,
7,0,35,1,0,1,7,,,,,
7,0,35,1,0,1,7,,,,,
0,20,43,0,0,2,,20,,,,
0,20,43,0,0,21,,,,,,
0,20,43,1,0,21,,,,,,
0,20,43,1,0,21,,,,,,
0,20,43,1,0,21,,,,,,
0,20,43,1,0,21,,,,,,
24,0,36,0,0,1,24,,,,,
24,0,36,1,0,1,24,,,,,
24,0,36,1,0,1,24,,,,,
0,27,44,0,0,2,,27,,,,
0,27,44,1,0,2,,27,,,,
0,27,44,1,0,2,,27,,,,
26,0,37,0,0,1,26,,,,,
26,0,37,0,0,11,26,,0,,0,
26,0,37,1,0,11,26,,0,,0,
26,0,37,1,0,11,26,,0,,0,
0,25,45,0,0,2,,25,,,,
0,25,45,0,0,21,,,,,,
0,25,45,1,0,21,,,,,,
0,25,45,1,0,21,,,,,,
0,25,45,1,0,21,,,,,,
0,25,45,1,0,21,,,,,,
0,21,46,0,0,2,,21,,,,
0,21,46,0,0,21,,,,,,
0,21,46,1,0,21,,,,,,
0,21,46,1,0,21,,,,,,
0,21,46,1,0,21,,,,,,
0,21,46,1,0,21,,,,,,
0,26,47,0,0,2,,26,,,,
0,26,47,0,0,21,,,,,,
0,26,47,1,0,21,,,,,,
0,26,47,1,0,21,,,,,,
0,26,47,1,0,21,,,,,,
0,26,47,1,0,21,,,,,,
0,23,48,0,0,2,,23,,,,
0,23,48,0,0,21,,,,,,
0,23,48,1,0,21,,,,,,
0,23,48,1,0,21,,,,,,
0,23,48,1,0,21,,,,,,
0,23,48,1,0,21,,,,,,
22,0,38,0,0,1,22,,,,,
22,0,38,0,0,11,22,,0,,0,
22,0,38,1,0,11,22,,0,,0,
22,0,38,1,0,11,22,,0,,0,
26,0,39,0,0,1,26,,,,,
26,0,39,0,0,11,26,,0,,0,
26,0,39,1,0,11,26,,0,,0,
26,0,39,1,0,11,26,,0,,0,
0,21,49,0,0,2,,21,,,,
0,21,49,0,0,21,,,,,,
0,21,49,1,0,21,,,,,,
0,21,49,1,0,21,,,,,,
0,21,49,1,0,21,,,,,,
0,21,49,1,0,21,,,,,,
0,22,50,0,0,2,,22,,,,
0,22,50,0,0,21,,,,,,
0,22,50,1,0,21,,,,,,
0,22,50,1,0,21,,,,,,
0,22,50,1,0,21,,,,,,
0,22,50,1,0,21,,,,,,
4,0,40,0,0,1,4,,,,,
4,0,40,0,0,11,4,,0,,0,
4,0,40,1,0,11,4,,0,,0,
4,0,40,1,0,11,4,,0,,0,
19,0,41,0,0,1,19,,,,,
19,0,41,0,0,11,19,,0,,0,
19,0,41,1,0,11,19,,0,,0,
19,0,41,1,0,11,19,,0,,0,
0,26,51,0,0,2,,26,,,,
0,26,51,0,0,21,,,,,,
0,26,51,1,0,21,,,,,,
0,26,51,1,0,21,,,,,,
0,26,51,1,0,21,,,,,,
0,26,51,1,0,21,,,,,,
0,27,52,0,0,2,,27,,,,
0,27,52,0,0,21,,,,,,
0,27,52,1,0,21,,,,,,
0,27,52,1,0,21,,,,,,
0,27,52,1,0,21,,,,,,
0,27,52,1,0,21,,,,,,
19,0,42,0,0,1,19,,,,,
19,0,42,0,0,11,19,,0,,0,
19,0,42,1,0,11,19,,0,,0,
19,0,42,1,0,11,19,,0,,0,
0,21,53,0,0,2,,21,,,,
0,21,53,0,0,21,,,,,,
0,21,53,1,0,21,,,,,,
0,21,53,1,0,21,,,,,,
0,21,53,1,0,21,,,,,,
0,21,53,1,0,21,,,,,,
18,0,43,0,0,1,18,,,,,
18,0,43,1,0,1,18,,,,,
18,0,43,1,0,1,18,,,,,
26,0,44,0,0,1,26,,,,,
26,0,44,0,0,11,26,,0,,0,
26,0,44,1,0,11,26,,0,,0,
26,0,44,1,0,11,26,,0,,0,
26,0,45,0,0,1,26,,,,,
26,0,45,0,0,11,26,,0,,0,
26,0,45,1,0,11,26,,0,,0,
26,0,45,1,0,11,26,,0,,0,
0,27,54,0,0,2,,27,,,,
0,27,54,0,0,21,,,,,,
0,27,54,1,0,21,,,,,,
0,27,54,1,0,21,,,,,,
0,27,54,1,0,21,,,,,,
0,27,54,1,0,21,,,,,,
20,0,46,0,0,1,20,,,,,
20,0,46,0,0,11,20,,0,,0,
20,0,46,1,0,11,20,,0,,0,
20,0,46,1,0,11,20,,0,,0,
0,28,55,0,0,2,,28,,,,
0,28,55,0,0,21,,,,,,
0,28,55,1,0,21,,,,,,
0,28,55,1,0,21,,,,,,
0,28,55,1,0,21,,,,,,
0,28,55,1,0,21,,,,,,
20,0,47,0,0,1,20,,,,,
20,0,47,0,0,11,20,,0,,0,
20,0,47,1,0,11,20,,0,,0,
20,0,47,1,0,11,20,,0,,0,
0,20,56,0,0,2,,20,,,,
0,20,56,1,0,2,,20,,,,
0,20,56,1,0,2,,20,,,,
31,0,48,0,0,1,31,,,,,
31,0,48,0,0,11,31,,0,,0,
31,0,48,1,0,11,31,,0,,0,
31,0,48,1,0,11,31,,0,,0,
23,0,49,0,0,1,23,,,,,
23,0,49,0,0,11,23,,0,,0,
23,0,49,1,0,11,23,,0,,0,
23,0,49,1,0,11,23,,0,,0,
0,20,57,0,0,2,,20,,,,
0,20,57,1,0,2,,20,,,,
0,20,57,1,0,2,,20,,,,
0,31,58,0,0,2,,31,,,,
0,31,58,1,0,2,,31,,,,
0,31,58,1,0,2,,31,,,,
0,26,59,0,0,2,,26,,,,
0,26,59,1,0,2,,26,,,,
0,26,59,1,0,2,,26,,,,
0,4,60,0,0,2,,4,,,,
0,4,60,0,0,21,,,,,,
0,4,60,1,0,21,,,,,,
0,4,60,1,0,21,,,,,,
0,4,60,1,0,21,,,,,,
0,4,60,1,0,21,,,,,,
29,0,50,0,0,1,29,,,,,
29,0,50,0,0,11,29,,0,,0,
29,0,50,1,0,11,29,,0,,0,
29,0,50,1,0,11,29,,0,,0,
20,0,51,0,0,1,20,,,,,
20,0,51,1,0,1,20,,,,,
20,0,51,1,0,1,20,,,,,
20,0,52,0,0,1,20,,,,,
20,0,52,1,0,1,20,,,,,
20,0,52,1,0,1,20,,,,,
4,0,53,0,0,1,4,,,,,
4,0,53,0,0,11,4,,0,,0,
4,0,53,1,0,11,4,,0,,0,
4,0,53,1,0,11,4,,0,,0,
0,4,61,0,0,2,,4,,,,
0,4,61,1,0,2,,4,,,,
0,4,61,1,0,2,,4,,,,
0,28,62,0,0,2,,28,,,,
0,28,62,1,0,2,,28,,,,
0,28,62,1,0,2,,28,,,,
29,0,54,0,0,1,29,,,,,
29,0,54,0,0,11,29,,0,,0,
29,0,54,1,0,11,29,,0,,0,
29,0,54,1,0,11,29,,0,,0,
0,28,63,0,0,2,,28,,,,
0,28,63,0,0,21,,,,,,
0,28,63,1,0,21,,,,,,
0,28,63,1,0,21,,,,,,
0,28,63,1,0,21,,,,,,
0,28,63,1,0,21,,,,,,
0,29,64,0,0,2,,29,,,,
0,29,64,1,0,2,,29,,,,
0,29,64,1,0,2,,29,,,,
26,0,55,0,0,1,26,,,,,
26,0,55,1,0,1,26,,,,,
26,0,55,1,0,1,26,,,,,
29,0,56,0,0,1,29,,,,,
29,0,56,1,0,1,29,,,,,
29,0,56,1,0,1,29,,,,,
0,32,65,0,0,2,,32,,,,
0,32,65,0,0,21,,,,,,
0,32,65,1,0,21,,,,,,
0,32,65,1,0,21,,,,,,
0,32,65,1,0,21,,,,,,
0,32,65,1,0,21,,,,,,
32,0,57,0,0,1,32,,,,,
32,0,57,0,0,11,32,,0,,0,
32,0,57,1,0,11,32,,0,,0,
32,0,57,1,0,11,32,,0,,0,
0,31,66,0,0,2,,31,,,,
0,31,66,1,0,2,,31,,,,
0,31,66,1,0,2,,31,,,,
0,32,67,0,0,2,,32,,,,
0,32,67,1,0,2,,32,,,,
0,32,67,1,0,2,,32,,,,
34,0,58,0,0,1,34,,,,,
34,0,58,0,0,11,34,,0,,0,
34,0,58,1,0,11,34,,0,,0,
34,0,58,1,0,11,34,,0,,0,
0,28,68,0,0,2,,28,,,,
0,28,68,1,0,2,,28,,,,
0,28,68,1,0,2,,28,,,,
0,4,69,0,0,2,,4,,,,
0,4,69,0,0,21,,,,,,
0,4,69,1,0,21,,,,,,
0,4,69,1,0,21,,,,,,
0,4,69,1,0,21,,,,,,
0,4,69,1,0,21,,,,,,
0,31,70,0,0,2,,31,,,,
0,31,70,0,0,21,,,,,,
0,31,70,1,0,21,,,,,,
0,31,70,1,0,21,,,,,,
0,31,70,1,0,21,,,,,,
0,31,70,1,0,21,,,,,,
0,30,71,0,0,2,,30,,,,
0,30,71,0,0,21,,,,,,
0,30,71,1,0,21,,,,,,
0,30,71,1,0,21,,,,,,
0,30,71,1,0,21,,,,,,
0,30,71,1,0,21,,,,,,
33,0,59,0,0,1,33,,,,,
33,0,59,0,0,11,33,,0,,0,
33,0,59,1,0,11,33,,0,,0,
33,0,59,1,0,11,33,,0,,0,
34,0,60,0,0,1,34,,,,,
34,0,60,0,0,11,34,,0,,0,
34,0,60,1,0,11,34,,0,,0,
34,0,60,1,0,11,34,,0,,0,
0,33,72,0,0,2,,33,,,,
0,33,72,1,0,2,,33,,,,
0,33,72,1,0,2,,33,,,,
33,0,61,0,0,1,33,,,,,
33,0,61,1,0,1,33,,,,,
33,0,61,1,0,1,33,,,,,
0,4,73,0,0,2,,4,,,,
0,4,73,0,0,21,,,,,,
0,4,73,1,0,21,,,,,,
0,4,73,1,0,21,,,,,,
0,4,73,1,0,21,,,,,,
0,4,73,1,0,21,,,,,,
0,20,74,0,0,2,,20,,,,
0,20,74,1,0,2,,20,,,,
0,20,74,1,0,2,,20,,,,
0,27,75,0,0,2,,27,,,,
0,27,75,0,0,21,,,,,,
0,27,75,1,0,21,,,,,,
0,27,75,1,0,21,,,,,,
0,27,75,1,0,21,,,,,,
0,27,75,1,0,21,,,,,,
20,0,62,0,0,1,20,,,,,
20,0,62,0,0,11,20,,0,,0,
20,0,62,1,0,11,20,,0,,0,
20,0,62,1,0,11,20,,0,,0,
0,35,76,0,0,2,,35,,,,
0,35,76,0,0,21,,,,,,
0,35,76,1,0,21,,,,,,
0,35,76,1,0,21,,,,,,
0,35,76,1,0,21,,,,,,
0,35,76,1,0,21,,,,,,
32,0,63,0,0,1,32,,,,,
32,0,63,1,0,1,32,,,,,
32,0,63,1,0,1,32,,,,,
0,30,77,0,0,2,,30,,,,
0,30,77,0,0,21,,,,,,
0,30,77,1,0,21,,,,,,
0,30,77,1,0,21,,,,,,
0,30,77,1,0,21,,,,,,
0,30,77,1,0,21,,,,,,
20,0,64,0,0,1,20,,,,,
20,0,64,1,0,1,20,,,,,
20,0,64,1,0,1,20,,,,,
20,0,65,0,0,1,20,,,,,
34,0,66,0,0,1,34,,,,,
34,0,66,0,0,11,34,,0,,0,
34,0,66,1,0,11,34,,0,,0,
34,0,66,1,0,11,34,,0,,0,
32,0,67,0,0,1,32,,,,,
0,30,78,0,0,2,,30,,,,
0,30,78,0,0,21,,,,,,
0,30,78,1,0,21,,,,,,
0,30,78,1,0,21,,,,,,
0,30,78,1,0,21,,,,,,
0,30,78,1,0,21,,,,,,
0,30,79,0,0,2,,30,,,,
0,30,79,0,0,21,,,,,,
0,30,79,1,0,21,,,,,,
0,30,79,1,0,21,,,,,,
0,30,79,1,0,21,,,,,,
0,30,79,1,0,21,,,,,,
0,33,80,0,0,2,,33,,,,
0,33,80,1,0,2,,33,,,,
0,33,80,1,0,2,,33,,,,
31,0,68,0,0,1,31,,,,,
31,0,68,1,0,1,31,,,,,
31,0,68,1,0,1,31,,,,,
0,34,81,0,0,2,,34,,,,
0,34,81,0,0,21,,,,,,
0,34,81,1,0,21,,,,,,
0,34,81,1,0,21,,,,,,
0,34,81,1,0,21,,,,,,
0,34,81,1,0,21,,,,,,
0,35,82,0,0,2,,35,,,,
0,35,82,0,0,21,,,,,,
0,35,82,1,0,21,,,,,,
0,35,82,1,0,21,,,,,,
0,35,82,1,0,21,,,,,,
0,35,82,1,0,21,,,,,,
32,0,69,0,0,1,32,,,,,
0,27,83,0,0,2,,27,,,,
0,27,83,0,0,21,,,,,,
0,27,83,1,0,21,,,,,,
0,27,83,1,0,21,,,,,,
0,27,83,1,0,21,,,,,,
0,27,83,1,0,21,,,,,,
0,30,84,0,0,2,,30,,,,
0,30,84,0,0,21,,,,,,
0,30,84,1,0,21,,,,,,
0,30,84,1,0,21,,,,,,
0,30,84,1,0,21,,,,,,
0,30,84,1,0,21,,,,,,
0,34,85,0,0,2,,34,,,,
0,34,85,0,0,21,,,,,,
0,34,85,1,0,21,,,,,,
0,34,85,1,0,21,,,,,,
0,34,85,1,0,21,,,,,,
0,34,85,1,0,21,,,,,,
35,0,70,0,0,1,35,,,,,
35,0,70,0,0,11,35,,0,,0,
35,0,70,1,0,11,35,,0,,0,
35,0,70,1,0,11,35,,0,,0,
0,28,86,0,0,2,,28,,,,
0,28,86,0,0,21,,,,,,
0,28,86,1,0,21,,,,,,
0,28,86,1,0,21,,,,,,
0,28,86,1,0,21,,,,,,
0,28,86,1,0,21,,,,,,
0,35,87,0,0,2,,35,,,,
0,35,87,0,0,21,,,,,,
0,35,87,1,0,21,,,,,,
0,35,87,1,0,21,,,,,,
0,35,87,1,0,21,,,,,,
0,35,87,1,0,21,,,,,,
0,35,88,0,0,2,,35,,,,
0,35,88,0,0,21,,,,,,
0,35,88,1,0,21,,,,,,
0,35,88,1,0,21,,,,,,
0,35,88,1,0,21,,,,,,
0,35,88,1,0,21,,,,,,
0,32,89,0,0,2,,32,,,,
0,32,89,0,0,21,,,,,,
0,32,89,1,0,21,,,,,,
0,32,89,1,0,21,,,,,,
0,32,89,1,0,21,,,,,,
0,32,89,1,0,21,,,,,,
0,32,90,0,0,2,,32,,,,
0,32,90,0,0,21,,,,,,
0,32,90,1,0,21,,,,,,
0,32,90,1,0,21,,,,,,
0,32,90,1,0,21,,,,,,
0,32,90,1,0,21,,,,,,
0,32,91,0,0,2,,32,,,,
0,32,91,0,0,21,,,,,,
0,32,91,1,0,21,,,,,,
0,32,91,1,0,21,,,,,,
0,32,91,1,0,21,,,,,,
0,32,91,1,0,21,,,,,,
0,27,92,0,0,2,,27,,,,
0,27,92,0,0,21,,,,,,
0,27,92,1,0,21,,,,,,
0,27,92,1,0,21,,,,,,
0,27,92,1,0,21,,,,,,
0,27,92,1,0,21,,,,,,
34,0,71,0,0,1,34,,,,,
34,0,71,0,0,11,34,,0,,0,
34,0,71,1,0,11,34,,0,,0,
34,0,71,1,0,11,34,,0,,0,
27,0,72,0,0,1,27,,,,,
27,0,72,1,0,1,27,,,,,
27,0,72,1,0,1,27,,,,,
0,30,93,0,0,2,,30,,,,
0,30,93,0,0,21,,,,,,
0,30,93,1,0,21,,,,,,
0,30,93,1,0,21,,,,,,
0,30,93,1,0,21,,,,,,
0,30,93,1,0,21,,,,,,
36,0,73,0,0,1,36,,,,,
36,0,73,0,0,11,36,,0,,0,
36,0,73,1,0,11,36,,0,,0,
36,0,73,1,0,11,36,,0,,0,
0,34,94,0,0,2,,34,,,,
0,34,94,0,0,21,,,,,,
0,34,94,1,0,21,,,,,,
0,34,94,1,0,21,,,,,,
0,34,94,1,0,21,,,,,,
0,34,94,1,0,21,,,,,,
0,35,95,0,0,2,,35,,,,
0,35,95,0,0,21,,,,,,
0,35,95,1,0,21,,,,,,
0,35,95,1,0,21,,,,,,
0,35,95,1,0,21,,,,,,
0,35,95,1,0,21,,,,,,
34,0,74,0,0,1,34,,,,,
34,0,74,0,0,11,34,,0,,0,
34,0,74,1,0,11,34,,0,,0,
34,0,74,1,0,11,34,,0,,0,
30,0,75,0,0,1,30,,,,,
30,0,75,0,0,11,30,,0,,0,
30,0,75,1,0,11,30,,0,,0,
30,0,75,1,0,11,30,,0,,0,
0,28,96,0,0,2,,28,,,,
0,28,96,0,0,21,,,,,,
0,28,96,1,0,21,,,,,,
0,28,96,1,0,21,,,,,,
0,28,96,1,0,21,,,,,,
0,28,96,1,0,21,,,,,,
31,0,76,0,0,1,31,,,,,
31,0,76,1,0,1,31,,,,,
31,0,76,1,0,1,31,,,,,
4,0,77,0,0,1,4,,,,,
4,0,77,1,0,1,4,,,,,
4,0,77,1,0,1,4,,,,,
32,0,78,0,0,1,32,,,,,
0,37,97,0,0,2,,37,,,,
0,37,97,0,0,21,,,,,,
0,37,97,1,0,21,,,,,,
0,37,97,1,0,21,,,,,,
0,37,97,1,0,21,,,,,,
0,37,97,1,0,21,,,,,,
0,30,98,0,0,2,,30,,,,
0,30,98,0,0,21,,,,,,
0,30,98,1,0,21,,,,,,
0,30,98,1,0,21,,,,,,
0,30,98,1,0,21,,,,,,
0,30,98,1,0,21,,,,,,
0,28,99,0,0,2,,28,,,,
0,28,99,0,0,21,,,,,,
0,28,99,1,0,21,,,,,,
0,28,99,1,0,21,,,,,,
0,28,99,1,0,21,,,,,,
0,28,99,1,0,21,,,,,,
0,32,100,0,0,2,,32,,,,
0,32,100,0,0,21,,,,,,
0,32,100,1,0,21,,,,,,
0,32,100,1,0,21,,,,,,
0,32,100,1,0,21,,,,,,
0,32,100,1,0,21,,,,,,
0,38,101,0,0,2,,38,,,,
0,38,101,0,0,21,,,,,,
0,38,101,1,0,21,,,,,,
0,38,101,1,0,21,,,,,,
0,38,101,1,0,21,,,,,,
0,38,101,1,0,21,,,,,,
0,35,102,0,0,2,,35,,,,
0,35,102,0,0,21,,,,,,
0,35,102,1,0,21,,,,,,
0,35,102,1,0,21,,,,,,
0,35,102,1,0,21,,,,,,
0,35,102,1,0,21,,,,,,
0,36,103,0,0,2,,36,,,,
0,36,103,0,0,21,,,,,,
0,36,103,1,0,21,,,,,,
0,36,103,1,0,21,,,,,,
0,36,103,1,0,21,,,,,,
0,36,103,1,0,21,,,,,,
0,30,104,0,0,2,,30,,,,
0,30,104,0,0,21,,,,,,
0,30,104,1,0,21,,,,,,
0,30,104,1,0,21,,,,,,
0,30,104,1,0,21,,,,,,
0,30,104,1,0,21,,,,,,
0,32,105,0,0,2,,32,,,,
0,32,105,0,0,21,,,,,,
0,32,105,1,0,21,,,,,,
0,32,105,1,0,21,,,,,,
0,32,105,1,0,21,,,,,,
0,32,105,1,0,21,,,,,,
32,0,79,0,0,1,32,,,,,
0,28,106,0,0,2,,28,,,,
0,28,106,0,0,21,,,,,,
0,28,106,1,0,21,,,,,,
0,28,106,1,0,21,,,,,,
0,28,106,1,0,21,,,,,,
0,28,106,1,0,21,,,,,,
31,0,80,0,0,1,31,,,,,
0,31,107,0,0,2,,31,,,,
0,31,107,0,0,21,,,,,,
0,31,107,1,0,21,,,,,,
0,31,107,1,0,21,,,,,,
0,31,107,1,0,21,,,,,,
0,31,107,1,0,21,,,,,,
0,35,108,0,0,2,,35,,,,
0,35,108,0,0,21,,,,,,
0,35,108,1,0,21,,,,,,
0,35,108,1,0,21,,,,,,
0,35,108,1,0,21,,,,,,
0,35,108,1,0,21,,,,,,
34,0,81,0,0,1,34,,,,,
34,0,81,0,0,11,34,,0,,0,
34,0,81,1,0,11,34,,0,,0,
34,0,81,1,0,11,34,,0,,0,
0,34,109,0,0,2,,34,,,,
0,34,109,0,0,21,,,,,,
0,34,109,1,0,21,,,,,,
0,34,109,1,0,21,,,,,,
0,34,109,1,0,21,,,,,,
0,34,109,1,0,21,,,,,,
0,38,110,0,0,2,,38,,,,
0,38,110,0,0,21,,,,,,
0,38,110,1,0,21,,,,,,
0,38,110,1,0,21,,,,,,
0,38,110,1,0,21,,,,,,
0,38,110,1,0,21,,,,,,
31,0,82,0,0,1,31,,,,,
28,0,83,0,0,1,28,,,,,
28,0,83,1,0,1,28,,,,,
28,0,83,1,0,1,28,,,,,
